time            X               S               e2              Y               L              
0.000000000e+00 1.000000000e+01 1.000000000e+01 0.000000000e+00 0.000000000e+00 0.000000000e+00
6.012024048e-01 9.958867259e+00 9.958867259e+00 3.872280673e-03 3.726046069e-02 3.726046069e-02
1.202404810e+00 9.920247244e+00 9.920247244e+00 3.842300783e-03 7.591045490e-02 7.591045490e-02
1.803607214e+00 9.881925544e+00 9.881925544e+00 3.812667708e-03 1.142617885e-01 1.142617885e-01
2.404809619e+00 9.843898713e+00 9.843898713e+00 3.783376109e-03 1.523179112e-01 1.523179112e-01
3.006012024e+00 9.806163363e+00 9.806163363e+00 3.754420730e-03 1.900822162e-01 1.900822162e-01
3.607214429e+00 9.768716150e+00 9.768716150e+00 3.725796453e-03 2.275580535e-01 2.275580535e-01
4.208416834e+00 9.731553788e+00 9.731553788e+00 3.697498166e-03 2.647487140e-01 2.647487140e-01
4.809619238e+00 9.694673041e+00 9.694673041e+00 3.669521046e-03 3.016574383e-01 3.016574383e-01
5.410821643e+00 9.658070721e+00 9.658070721e+00 3.641860223e-03 3.382874192e-01 3.382874192e-01
6.012024048e+00 9.621743689e+00 9.621743689e+00 3.614510949e-03 3.746418002e-01 3.746418002e-01
6.613226453e+00 9.585688851e+00 9.585688851e+00 3.587468554e-03 4.107236805e-01 4.107236805e-01
7.214428858e+00 9.549903159e+00 9.549903159e+00 3.560728470e-03 4.465361127e-01 4.465361127e-01
7.815631263e+00 9.514383610e+00 9.514383610e+00 3.534286203e-03 4.820821035e-01 4.820821035e-01
8.416833667e+00 9.479127248e+00 9.479127248e+00 3.508137338e-03 5.173646151e-01 5.173646151e-01
9.018036072e+00 9.444131156e+00 9.444131156e+00 3.482277566e-03 5.523865660e-01 5.523865660e-01
9.619238477e+00 9.409392467e+00 9.409392467e+00 3.456702667e-03 5.871508307e-01 5.871508307e-01
1.022044088e+01 9.374908348e+00 9.374908348e+00 3.431408403e-03 6.216602437e-01 6.216602437e-01
1.082164329e+01 9.340676014e+00 9.340676014e+00 3.406390668e-03 6.559175950e-01 6.559175950e-01
1.142284569e+01 9.306692717e+00 9.306692717e+00 3.381645643e-03 6.899256373e-01 6.899256373e-01
1.202404810e+01 9.272955750e+00 9.272955750e+00 3.357169346e-03 7.236870811e-01 7.236870811e-01
1.262525050e+01 9.239462442e+00 9.239462442e+00 3.332957661e-03 7.572046001e-01 7.572046001e-01
1.322645291e+01 9.206210168e+00 9.206210168e+00 3.309006735e-03 7.904808255e-01 7.904808255e-01
1.382765531e+01 9.173196334e+00 9.173196334e+00 3.285312969e-03 8.235183531e-01 8.235183531e-01
1.442885772e+01 9.140418385e+00 9.140418385e+00 3.261872846e-03 8.563197418e-01 8.563197418e-01
1.503006012e+01 9.107873802e+00 9.107873802e+00 3.238682917e-03 8.888875146e-01 8.888875146e-01
1.563126253e+01 9.075560105e+00 9.075560105e+00 3.215739229e-03 9.212241561e-01 9.212241561e-01
1.623246493e+01 9.043474841e+00 9.043474841e+00 3.193038449e-03 9.533321202e-01 9.533321202e-01
1.683366733e+01 9.011615598e+00 9.011615598e+00 3.170577150e-03 9.852138248e-01 9.852138248e-01
1.743486974e+01 8.979979997e+00 8.979979997e+00 3.148351999e-03 1.016871651e+00 1.016871651e+00
1.803607214e+01 8.948565690e+00 8.948565690e+00 3.126359694e-03 1.048307950e+00 1.048307950e+00
1.863727455e+01 8.917370364e+00 8.917370364e+00 3.104596989e-03 1.079525039e+00 1.079525039e+00
1.923847695e+01 8.886391737e+00 8.886391737e+00 3.083060701e-03 1.110525202e+00 1.110525202e+00
1.983967936e+01 8.855627560e+00 8.855627560e+00 3.061747716e-03 1.141310692e+00 1.141310692e+00
2.044088176e+01 8.825075615e+00 8.825075615e+00 3.040654937e-03 1.171883730e+00 1.171883730e+00
2.104208417e+01 8.794733712e+00 8.794733712e+00 3.019779345e-03 1.202246509e+00 1.202246509e+00
2.164328657e+01 8.764599694e+00 8.764599694e+00 2.999117972e-03 1.232401188e+00 1.232401188e+00
2.224448898e+01 8.734671432e+00 8.734671432e+00 2.978667907e-03 1.262349900e+00 1.262349900e+00
2.284569138e+01 8.704946826e+00 8.704946826e+00 2.958426266e-03 1.292094747e+00 1.292094747e+00
2.344689379e+01 8.675423805e+00 8.675423805e+00 2.938390217e-03 1.321637804e+00 1.321637804e+00
2.404809619e+01 8.646100326e+00 8.646100326e+00 2.918556987e-03 1.350981117e+00 1.350981117e+00
2.464929860e+01 8.616974373e+00 8.616974373e+00 2.898923875e-03 1.380126703e+00 1.380126703e+00
2.525050100e+01 8.588043956e+00 8.588043956e+00 2.879488181e-03 1.409076555e+00 1.409076555e+00
2.585170341e+01 8.559307114e+00 8.559307114e+00 2.860247268e-03 1.437832639e+00 1.437832639e+00
2.645290581e+01 8.530761908e+00 8.530761908e+00 2.841198541e-03 1.466396893e+00 1.466396893e+00
2.705410822e+01 8.502406432e+00 8.502406432e+00 2.822339453e-03 1.494771228e+00 1.494771228e+00
2.765531062e+01 8.474238799e+00 8.474238799e+00 2.803667492e-03 1.522957534e+00 1.522957534e+00
2.825651303e+01 8.446257147e+00 8.446257147e+00 2.785180191e-03 1.550957673e+00 1.550957673e+00
2.885771543e+01 8.418459641e+00 8.418459641e+00 2.766875123e-03 1.578773484e+00 1.578773484e+00
2.945891784e+01 8.390844471e+00 8.390844471e+00 2.748749903e-03 1.606406779e+00 1.606406779e+00
3.006012024e+01 8.363409848e+00 8.363409848e+00 2.730802182e-03 1.633859350e+00 1.633859350e+00
3.066132265e+01 8.336154006e+00 8.336154006e+00 2.713029647e-03 1.661132964e+00 1.661132964e+00
3.126252505e+01 8.309075205e+00 8.309075205e+00 2.695430026e-03 1.688229365e+00 1.688229365e+00
3.186372745e+01 8.282171726e+00 8.282171726e+00 2.678001089e-03 1.715150273e+00 1.715150273e+00
3.246492986e+01 8.255441871e+00 8.255441871e+00 2.660740632e-03 1.741897388e+00 1.741897388e+00
3.306613226e+01 8.228883965e+00 8.228883965e+00 2.643646490e-03 1.768472388e+00 1.768472388e+00
3.366733467e+01 8.202496355e+00 8.202496355e+00 2.626716534e-03 1.794876929e+00 1.794876929e+00
3.426853707e+01 8.176277408e+00 8.176277408e+00 2.609948671e-03 1.821112643e+00 1.821112643e+00
3.486973948e+01 8.150225513e+00 8.150225513e+00 2.593340837e-03 1.847181146e+00 1.847181146e+00
3.547094188e+01 8.124339079e+00 8.124339079e+00 2.576891001e-03 1.873084030e+00 1.873084030e+00
3.607214429e+01 8.098616532e+00 8.098616532e+00 2.560597164e-03 1.898822871e+00 1.898822871e+00
3.667334669e+01 8.073056326e+00 8.073056326e+00 2.544457367e-03 1.924399217e+00 1.924399217e+00
3.727454910e+01 8.047656925e+00 8.047656925e+00 2.528469672e-03 1.949814605e+00 1.949814605e+00
3.787575150e+01 8.022416819e+00 8.022416819e+00 2.512632171e-03 1.975070549e+00 1.975070549e+00
3.847695391e+01 7.997334511e+00 7.997334511e+00 2.496942990e-03 2.000168546e+00 2.000168546e+00
3.907815631e+01 7.972408528e+00 7.972408528e+00 2.481400281e-03 2.025110072e+00 2.025110072e+00
3.967935872e+01 7.947637415e+00 7.947637415e+00 2.466002229e-03 2.049896583e+00 2.049896583e+00
4.028056112e+01 7.923019731e+00 7.923019731e+00 2.450747042e-03 2.074529522e+00 2.074529522e+00
4.088176353e+01 7.898554056e+00 7.898554056e+00 2.435632955e-03 2.099010311e+00 2.099010311e+00
4.148296593e+01 7.874238985e+00 7.874238985e+00 2.420658229e-03 2.123340357e+00 2.123340357e+00
4.208416834e+01 7.850073131e+00 7.850073131e+00 2.405821157e-03 2.147521048e+00 2.147521048e+00
4.268537074e+01 7.826055130e+00 7.826055130e+00 2.391120083e-03 2.171553750e+00 2.171553750e+00
4.328657315e+01 7.802183625e+00 7.802183625e+00 2.376553340e-03 2.195439822e+00 2.195439822e+00
4.388777555e+01 7.778457280e+00 7.778457280e+00 2.362119300e-03 2.219180600e+00 2.219180600e+00
4.448897796e+01 7.754874776e+00 7.754874776e+00 2.347816361e-03 2.242777408e+00 2.242777408e+00
4.509018036e+01 7.731434807e+00 7.731434807e+00 2.333642937e-03 2.266231550e+00 2.266231550e+00
4.569138277e+01 7.708136089e+00 7.708136089e+00 2.319597422e-03 2.289544313e+00 2.289544313e+00
4.629258517e+01 7.684977347e+00 7.684977347e+00 2.305678293e-03 2.312716974e+00 2.312716974e+00
4.689378758e+01 7.661957323e+00 7.661957323e+00 2.291884022e-03 2.335750793e+00 2.335750793e+00
4.749498998e+01 7.639074775e+00 7.639074775e+00 2.278213103e-03 2.358647012e+00 2.358647012e+00
4.809619238e+01 7.616328473e+00 7.616328473e+00 2.264664090e-03 2.381406862e+00 2.381406862e+00
4.869739479e+01 7.593717209e+00 7.593717209e+00 2.251235687e-03 2.404031556e+00 2.404031556e+00
4.929859719e+01 7.571239780e+00 7.571239780e+00 2.237926422e-03 2.426522293e+00 2.426522293e+00
4.989979960e+01 7.548895003e+00 7.548895003e+00 2.224734933e-03 2.448880262e+00 2.448880262e+00
5.050100200e+01 7.526681707e+00 7.526681707e+00 2.211659887e-03 2.471106633e+00 2.471106633e+00
5.110220441e+01 7.504598734e+00 7.504598734e+00 2.198699827e-03 2.493202567e+00 2.493202567e+00
5.170340681e+01 7.482644943e+00 7.482644943e+00 2.185853025e-03 2.515169204e+00 2.515169204e+00
5.230460922e+01 7.460819202e+00 7.460819202e+00 2.173118270e-03 2.537007679e+00 2.537007679e+00
5.290581162e+01 7.439120396e+00 7.439120396e+00 2.160494136e-03 2.558719110e+00 2.558719110e+00
5.350701403e+01 7.417547418e+00 7.417547418e+00 2.147979188e-03 2.580304603e+00 2.580304603e+00
5.410821643e+01 7.396099179e+00 7.396099179e+00 2.135572474e-03 2.601765248e+00 2.601765248e+00
5.470941884e+01 7.374774601e+00 7.374774601e+00 2.123273546e-03 2.623102125e+00 2.623102125e+00
5.531062124e+01 7.353572617e+00 7.353572617e+00 2.111080758e-03 2.644316302e+00 2.644316302e+00
5.591182365e+01 7.332492172e+00 7.332492172e+00 2.098993059e-03 2.665408835e+00 2.665408835e+00
5.651302605e+01 7.311532223e+00 7.311532223e+00 2.087009450e-03 2.686380767e+00 2.686380767e+00
5.711422846e+01 7.290691741e+00 7.290691741e+00 2.075128990e-03 2.707233131e+00 2.707233131e+00
5.771543086e+01 7.269969709e+00 7.269969709e+00 2.063349137e-03 2.727966942e+00 2.727966942e+00
5.831663327e+01 7.249365120e+00 7.249365120e+00 2.051669046e-03 2.748583211e+00 2.748583211e+00
5.891783567e+01 7.228876978e+00 7.228876978e+00 2.040087640e-03 2.769082934e+00 2.769082934e+00
5.951903808e+01 7.208504298e+00 7.208504298e+00 2.028603600e-03 2.789467098e+00 2.789467098e+00
6.012024048e+01 7.188246107e+00 7.188246107e+00 2.017215576e-03 2.809736678e+00 2.809736678e+00
6.072144289e+01 7.168101442e+00 7.168101442e+00 2.005922697e-03 2.829892635e+00 2.829892635e+00
6.132264529e+01 7.148069354e+00 7.148069354e+00 1.994725105e-03 2.849935921e+00 2.849935921e+00
6.192384770e+01 7.128148900e+00 7.128148900e+00 1.983621017e-03 2.869867479e+00 2.869867479e+00
6.252505010e+01 7.108339150e+00 7.108339150e+00 1.972609505e-03 2.889688240e+00 2.889688240e+00
6.312625251e+01 7.088639183e+00 7.088639183e+00 1.961689688e-03 2.909399127e+00 2.909399127e+00
6.372745491e+01 7.069048088e+00 7.069048088e+00 1.950860741e-03 2.929001051e+00 2.929001051e+00
6.432865731e+01 7.049564968e+00 7.049564968e+00 1.940120945e-03 2.948494911e+00 2.948494911e+00
6.492985972e+01 7.030188933e+00 7.030188933e+00 1.929469403e-03 2.967881598e+00 2.967881598e+00
6.553106212e+01 7.010919100e+00 7.010919100e+00 1.918905325e-03 2.987161994e+00 2.987161994e+00
6.613226453e+01 6.991754601e+00 6.991754601e+00 1.908427723e-03 3.006336972e+00 3.006336972e+00
6.673346693e+01 6.972694571e+00 6.972694571e+00 1.898035608e-03 3.025407393e+00 3.025407393e+00
6.733466934e+01 6.953738161e+00 6.953738161e+00 1.887728056e-03 3.044374111e+00 3.044374111e+00
6.793587174e+01 6.934884530e+00 6.934884530e+00 1.877504384e-03 3.063237966e+00 3.063237966e+00
6.853707415e+01 6.916132841e+00 6.916132841e+00 1.867363529e-03 3.081999795e+00 3.081999795e+00
6.913827655e+01 6.897482272e+00 6.897482272e+00 1.857304594e-03 3.100660423e+00 3.100660423e+00
6.973947896e+01 6.878932006e+00 6.878932006e+00 1.847326693e-03 3.119220668e+00 3.119220668e+00
7.034068136e+01 6.860481235e+00 6.860481235e+00 1.837428951e-03 3.137681336e+00 3.137681336e+00
7.094188377e+01 6.842129163e+00 6.842129163e+00 1.827610538e-03 3.156043227e+00 3.156043227e+00
7.154308617e+01 6.823875000e+00 6.823875000e+00 1.817870616e-03 3.174307130e+00 3.174307130e+00
7.214428858e+01 6.805717964e+00 6.805717964e+00 1.808208343e-03 3.192473828e+00 3.192473828e+00
7.274549098e+01 6.787657282e+00 6.787657282e+00 1.798622903e-03 3.210544095e+00 3.210544095e+00
7.334669339e+01 6.769692188e+00 6.769692188e+00 1.789113490e-03 3.228518698e+00 3.228518698e+00
7.394789579e+01 6.751821926e+00 6.751821926e+00 1.779679304e-03 3.246398394e+00 3.246398394e+00
7.454909820e+01 6.734045750e+00 6.734045750e+00 1.770319495e-03 3.264183930e+00 3.264183930e+00
7.515030060e+01 6.716362917e+00 6.716362917e+00 1.761033318e-03 3.281876050e+00 3.281876050e+00
7.575150301e+01 6.698772693e+00 6.698772693e+00 1.751820001e-03 3.299475487e+00 3.299475487e+00
7.635270541e+01 6.681274352e+00 6.681274352e+00 1.742678781e-03 3.316982969e+00 3.316982969e+00
7.695390782e+01 6.663867176e+00 6.663867176e+00 1.733608906e-03 3.334399215e+00 3.334399215e+00
7.755511022e+01 6.646550455e+00 6.646550455e+00 1.724609630e-03 3.351724936e+00 3.351724936e+00
7.815631263e+01 6.629323488e+00 6.629323488e+00 1.715680277e-03 3.368960832e+00 3.368960832e+00
7.875751503e+01 6.612185577e+00 6.612185577e+00 1.706820106e-03 3.386107603e+00 3.386107603e+00
7.935871743e+01 6.595136034e+00 6.595136034e+00 1.698028408e-03 3.403165938e+00 3.403165938e+00
7.995991984e+01 6.578174176e+00 6.578174176e+00 1.689304490e-03 3.420136520e+00 3.420136520e+00
8.056112224e+01 6.561299328e+00 6.561299328e+00 1.680647668e-03 3.437020024e+00 3.437020024e+00
8.116232465e+01 6.544510823e+00 6.544510823e+00 1.672057267e-03 3.453817120e+00 3.453817120e+00
8.176352705e+01 6.527808001e+00 6.527808001e+00 1.663532509e-03 3.470528466e+00 3.470528466e+00
8.236472946e+01 6.511190209e+00 6.511190209e+00 1.655072724e-03 3.487154719e+00 3.487154719e+00
8.296593186e+01 6.494656797e+00 6.494656797e+00 1.646677262e-03 3.503696526e+00 3.503696526e+00
8.356713427e+01 6.478207124e+00 6.478207124e+00 1.638345450e-03 3.520154531e+00 3.520154531e+00
8.416833667e+01 6.461840556e+00 6.461840556e+00 1.630076617e-03 3.536529367e+00 3.536529367e+00
8.476953908e+01 6.445556464e+00 6.445556464e+00 1.621870098e-03 3.552821666e+00 3.552821666e+00
8.537074148e+01 6.429354228e+00 6.429354228e+00 1.613725424e-03 3.569032047e+00 3.569032047e+00
8.597194389e+01 6.413233232e+00 6.413233232e+00 1.605642097e-03 3.585161126e+00 3.585161126e+00
8.657314629e+01 6.397192866e+00 6.397192866e+00 1.597619424e-03 3.601209515e+00 3.601209515e+00
8.717434870e+01 6.381232527e+00 6.381232527e+00 1.589656841e-03 3.617177816e+00 3.617177816e+00
8.777555110e+01 6.365351616e+00 6.365351616e+00 1.581753804e-03 3.633066630e+00 3.633066630e+00
8.837675351e+01 6.349549543e+00 6.349549543e+00 1.573909784e-03 3.648876547e+00 3.648876547e+00
8.897795591e+01 6.333825722e+00 6.333825722e+00 1.566124033e-03 3.664608154e+00 3.664608154e+00
8.957915832e+01 6.318179576e+00 6.318179576e+00 1.558395510e-03 3.680262029e+00 3.680262029e+00
9.018036072e+01 6.302610528e+00 6.302610528e+00 1.550723896e-03 3.695838748e+00 3.695838748e+00
9.078156313e+01 6.287118010e+00 6.287118010e+00 1.543108545e-03 3.711338881e+00 3.711338881e+00
9.138276553e+01 6.271701460e+00 6.271701460e+00 1.535548797e-03 3.726762992e+00 3.726762992e+00
9.198396794e+01 6.256360319e+00 6.256360319e+00 1.528043981e-03 3.742111637e+00 3.742111637e+00
9.258517034e+01 6.241094036e+00 6.241094036e+00 1.520593607e-03 3.757385370e+00 3.757385370e+00
9.318637275e+01 6.225902066e+00 6.225902066e+00 1.513198557e-03 3.772584736e+00 3.772584736e+00
9.378757515e+01 6.210783866e+00 6.210783866e+00 1.505857612e-03 3.787710277e+00 3.787710277e+00
9.438877756e+01 6.195738900e+00 6.195738900e+00 1.498570432e-03 3.802762530e+00 3.802762530e+00
9.498997996e+01 6.180766637e+00 6.180766637e+00 1.491336724e-03 3.817742026e+00 3.817742026e+00
9.559118236e+01 6.165866551e+00 6.165866551e+00 1.484156244e-03 3.832649293e+00 3.832649293e+00
9.619238477e+01 6.151038121e+00 6.151038121e+00 1.477028796e-03 3.847484851e+00 3.847484851e+00
9.679358717e+01 6.136280835e+00 6.136280835e+00 1.469950589e-03 3.862249215e+00 3.862249215e+00
9.739478958e+01 6.121594180e+00 6.121594180e+00 1.462922410e-03 3.876942898e+00 3.876942898e+00
9.799599198e+01 6.106977651e+00 6.106977651e+00 1.455943565e-03 3.891566405e+00 3.891566405e+00
9.859719439e+01 6.092430747e+00 6.092430747e+00 1.449013112e-03 3.906120240e+00 3.906120240e+00
9.919839679e+01 6.077952971e+00 6.077952971e+00 1.442130028e-03 3.920604899e+00 3.920604899e+00
9.979959920e+01 6.063543833e+00 6.063543833e+00 1.435293199e-03 3.935020874e+00 3.935020874e+00
1.004008016e+02 6.049202839e+00 6.049202839e+00 1.428512699e-03 3.949368648e+00 3.949368648e+00
1.010020040e+02 6.034929508e+00 6.034929508e+00 1.421786644e-03 3.963648705e+00 3.963648705e+00
1.016032064e+02 6.020723373e+00 6.020723373e+00 1.415097197e-03 3.977861530e+00 3.977861530e+00
1.022044088e+02 6.006583952e+00 6.006583952e+00 1.408458228e-03 3.992007589e+00 3.992007589e+00
1.028056112e+02 5.992510779e+00 5.992510779e+00 1.401865484e-03 4.006087355e+00 4.006087355e+00
1.034068136e+02 5.978503390e+00 5.978503390e+00 1.395319240e-03 4.020101291e+00 4.020101291e+00
1.040080160e+02 5.964561324e+00 5.964561324e+00 1.388817805e-03 4.034049858e+00 4.034049858e+00
1.046092184e+02 5.950684125e+00 5.950684125e+00 1.382362055e-03 4.047933513e+00 4.047933513e+00
1.052104208e+02 5.936871342e+00 5.936871342e+00 1.375951371e-03 4.061752706e+00 4.061752706e+00
1.058116232e+02 5.923122527e+00 5.923122527e+00 1.369585165e-03 4.075507887e+00 4.075507887e+00
1.064128257e+02 5.909437244e+00 5.909437244e+00 1.363263049e-03 4.089199493e+00 4.089199493e+00
1.070140281e+02 5.895815046e+00 5.895815046e+00 1.356984592e-03 4.102827969e+00 4.102827969e+00
1.076152305e+02 5.882255498e+00 5.882255498e+00 1.350749385e-03 4.116393752e+00 4.116393752e+00
1.082164329e+02 5.868758176e+00 5.868758176e+00 1.344557073e-03 4.129897267e+00 4.129897267e+00
1.088176353e+02 5.855322638e+00 5.855322638e+00 1.338407230e-03 4.143338954e+00 4.143338954e+00
1.094188377e+02 5.841948479e+00 5.841948479e+00 1.332299491e-03 4.156719222e+00 4.156719222e+00
1.100200401e+02 5.828635264e+00 5.828635264e+00 1.326233459e-03 4.170038503e+00 4.170038503e+00
1.106212425e+02 5.815382582e+00 5.815382582e+00 1.320208759e-03 4.183297209e+00 4.183297209e+00
1.112224449e+02 5.802190023e+00 5.802190023e+00 1.314225015e-03 4.196495752e+00 4.196495752e+00
1.118236473e+02 5.789057171e+00 5.789057171e+00 1.308281849e-03 4.209634548e+00 4.209634548e+00
1.124248497e+02 5.775983640e+00 5.775983640e+00 1.302378916e-03 4.222713982e+00 4.222713982e+00
1.130260521e+02 5.762969012e+00 5.762969012e+00 1.296515834e-03 4.235734472e+00 4.235734472e+00
1.136272545e+02 5.750012888e+00 5.750012888e+00 1.290692240e-03 4.248696420e+00 4.248696420e+00
1.142284569e+02 5.737114874e+00 5.737114874e+00 1.284907782e-03 4.261600219e+00 4.261600219e+00
1.148296593e+02 5.724274578e+00 5.724274578e+00 1.279162117e-03 4.274446260e+00 4.274446260e+00
1.154308617e+02 5.711491619e+00 5.711491619e+00 1.273454902e-03 4.287234927e+00 4.287234927e+00
1.160320641e+02 5.698765616e+00 5.698765616e+00 1.267785802e-03 4.299966598e+00 4.299966598e+00
1.166332665e+02 5.686096195e+00 5.686096195e+00 1.262154482e-03 4.312641651e+00 4.312641651e+00
1.172344689e+02 5.673482962e+00 5.673482962e+00 1.256560588e-03 4.325260477e+00 4.325260477e+00
1.178356713e+02 5.660925559e+00 5.660925559e+00 1.251003807e-03 4.337823437e+00 4.337823437e+00
1.184368737e+02 5.648423618e+00 5.648423618e+00 1.245483816e-03 4.350330898e+00 4.350330898e+00
1.190380762e+02 5.635976775e+00 5.635976775e+00 1.240000292e-03 4.362783225e+00 4.362783225e+00
1.196392786e+02 5.623584655e+00 5.623584655e+00 1.234552890e-03 4.375180792e+00 4.375180792e+00
1.202404810e+02 5.611246905e+00 5.611246905e+00 1.229141302e-03 4.387523953e+00 4.387523953e+00
1.208416834e+02 5.598963171e+00 5.598963171e+00 1.223765215e-03 4.399813064e+00 4.399813064e+00
1.214428858e+02 5.586733096e+00 5.586733096e+00 1.218424313e-03 4.412048479e+00 4.412048479e+00
1.220440882e+02 5.574556328e+00 5.574556328e+00 1.213118281e-03 4.424230554e+00 4.424230554e+00
1.226452906e+02 5.562432520e+00 5.562432520e+00 1.207846811e-03 4.436359633e+00 4.436359633e+00
1.232464930e+02 5.550361327e+00 5.550361327e+00 1.202609598e-03 4.448436064e+00 4.448436064e+00
1.238476954e+02 5.538342406e+00 5.538342406e+00 1.197406355e-03 4.460460187e+00 4.460460187e+00
1.244488978e+02 5.526375420e+00 5.526375420e+00 1.192236820e-03 4.472432343e+00 4.472432343e+00
1.250501002e+02 5.514460031e+00 5.514460031e+00 1.187100687e-03 4.484352869e+00 4.484352869e+00
1.256513026e+02 5.502595906e+00 5.502595906e+00 1.181997677e-03 4.496222096e+00 4.496222096e+00
1.262525050e+02 5.490782716e+00 5.490782716e+00 1.176927511e-03 4.508040356e+00 4.508040356e+00
1.268537074e+02 5.479020133e+00 5.479020133e+00 1.171889906e-03 4.519807977e+00 4.519807977e+00
1.274549098e+02 5.467307831e+00 5.467307831e+00 1.166884591e-03 4.531525284e+00 4.531525284e+00
1.280561122e+02 5.455645491e+00 5.455645491e+00 1.161911301e-03 4.543192598e+00 4.543192598e+00
1.286573146e+02 5.444032793e+00 5.444032793e+00 1.156969772e-03 4.554810238e+00 4.554810238e+00
1.292585170e+02 5.432469421e+00 5.432469421e+00 1.152059731e-03 4.566378520e+00 4.566378520e+00
1.298597194e+02 5.420955059e+00 5.420955059e+00 1.147180844e-03 4.577897761e+00 4.577897761e+00
1.304609218e+02 5.409489398e+00 5.409489398e+00 1.142332876e-03 4.589368269e+00 4.589368269e+00
1.310621242e+02 5.398072130e+00 5.398072130e+00 1.137515555e-03 4.600790354e+00 4.600790354e+00
1.316633267e+02 5.386702952e+00 5.386702952e+00 1.132728612e-03 4.612164320e+00 4.612164320e+00
1.322645291e+02 5.375381556e+00 5.375381556e+00 1.127971799e-03 4.623490472e+00 4.623490472e+00
1.328657315e+02 5.364107643e+00 5.364107643e+00 1.123244865e-03 4.634769112e+00 4.634769112e+00
1.334669339e+02 5.352880916e+00 5.352880916e+00 1.118547543e-03 4.646000536e+00 4.646000536e+00
1.340681363e+02 5.341701080e+00 5.341701080e+00 1.113879579e-03 4.657185041e+00 4.657185041e+00
1.346693387e+02 5.330567842e+00 5.330567842e+00 1.109240713e-03 4.668322917e+00 4.668322917e+00
1.352705411e+02 5.319480908e+00 5.319480908e+00 1.104630829e-03 4.679414461e+00 4.679414461e+00
1.358717435e+02 5.308439991e+00 5.308439991e+00 1.100049633e-03 4.690459959e+00 4.690459959e+00
1.364729459e+02 5.297444808e+00 5.297444808e+00 1.095496908e-03 4.701459696e+00 4.701459696e+00
1.370741483e+02 5.286495073e+00 5.286495073e+00 1.090972443e-03 4.712413954e+00 4.712413954e+00
1.376753507e+02 5.275590506e+00 5.275590506e+00 1.086475957e-03 4.723323018e+00 4.723323018e+00
1.382765531e+02 5.264730824e+00 5.264730824e+00 1.082007152e-03 4.734187169e+00 4.734187169e+00
1.388777555e+02 5.253915755e+00 5.253915755e+00 1.077565867e-03 4.745006680e+00 4.745006680e+00
1.394789579e+02 5.243145023e+00 5.243145023e+00 1.073151874e-03 4.755781826e+00 4.755781826e+00
1.400801603e+02 5.232418357e+00 5.232418357e+00 1.068764948e-03 4.766512878e+00 4.766512878e+00
1.406813627e+02 5.221735487e+00 5.221735487e+00 1.064404864e-03 4.777200108e+00 4.777200108e+00
1.412825651e+02 5.211096147e+00 5.211096147e+00 1.060071401e-03 4.787843782e+00 4.787843782e+00
1.418837675e+02 5.200500069e+00 5.200500069e+00 1.055764364e-03 4.798444166e+00 4.798444166e+00
1.424849699e+02 5.189946991e+00 5.189946991e+00 1.051483541e-03 4.809001525e+00 4.809001525e+00
1.430861723e+02 5.179436652e+00 5.179436652e+00 1.047228718e-03 4.819516119e+00 4.819516119e+00
1.436873747e+02 5.168968793e+00 5.168968793e+00 1.042999694e-03 4.829988208e+00 4.829988208e+00
1.442885772e+02 5.158543155e+00 5.158543155e+00 1.038796272e-03 4.840418049e+00 4.840418049e+00
1.448897796e+02 5.148159484e+00 5.148159484e+00 1.034618260e-03 4.850805897e+00 4.850805897e+00
1.454909820e+02 5.137817527e+00 5.137817527e+00 1.030465474e-03 4.861152008e+00 4.861152008e+00
1.460921844e+02 5.127517037e+00 5.127517037e+00 1.026337499e-03 4.871456626e+00 4.871456626e+00
1.466933868e+02 5.117257761e+00 5.117257761e+00 1.022234236e-03 4.881720004e+00 4.881720004e+00
1.472945892e+02 5.107039454e+00 5.107039454e+00 1.018155482e-03 4.891942390e+00 4.891942390e+00
1.478957916e+02 5.096861870e+00 5.096861870e+00 1.014101027e-03 4.902124029e+00 4.902124029e+00
1.484969940e+02 5.086724764e+00 5.086724764e+00 1.010070662e-03 4.912265165e+00 4.912265165e+00
1.490981964e+02 5.076627896e+00 5.076627896e+00 1.006064175e-03 4.922366040e+00 4.922366040e+00
1.496993988e+02 5.066571025e+00 5.066571025e+00 1.002081411e-03 4.932426893e+00 4.932426893e+00
1.503006012e+02 5.056553921e+00 5.056553921e+00 9.981224289e-04 4.942447957e+00 4.942447957e+00
1.509018036e+02 5.046576343e+00 5.046576343e+00 9.941869181e-04 4.952429470e+00 4.952429470e+00
1.515030060e+02 5.036638058e+00 5.036638058e+00 9.902747326e-04 4.962371667e+00 4.962371667e+00
1.521042084e+02 5.026738835e+00 5.026738835e+00 9.863857363e-04 4.972274780e+00 4.972274780e+00
1.527054108e+02 5.016878442e+00 5.016878442e+00 9.825198029e-04 4.982139038e+00 4.982139038e+00
1.533066132e+02 5.007056652e+00 5.007056652e+00 9.786768169e-04 4.991964671e+00 4.991964671e+00
1.539078156e+02 4.997273240e+00 4.997273240e+00 9.748563175e-04 5.001751904e+00 5.001751904e+00
1.545090180e+02 4.987527981e+00 4.987527981e+00 9.710577475e-04 5.011500961e+00 5.011500961e+00
1.551102204e+02 4.977820653e+00 4.977820653e+00 9.672811952e-04 5.021212066e+00 5.021212066e+00
1.557114228e+02 4.968151033e+00 4.968151033e+00 9.635264115e-04 5.030885440e+00 5.030885440e+00
1.563126253e+02 4.958518904e+00 4.958518904e+00 9.597931336e-04 5.040521302e+00 5.040521302e+00
1.569138277e+02 4.948924048e+00 4.948924048e+00 9.560810843e-04 5.050119871e+00 5.050119871e+00
1.575150301e+02 4.939366249e+00 4.939366249e+00 9.523899707e-04 5.059681361e+00 5.059681361e+00
1.581162325e+02 4.929845291e+00 4.929845291e+00 9.487206736e-04 5.069205988e+00 5.069205988e+00
1.587174349e+02 4.920360963e+00 4.920360963e+00 9.450731218e-04 5.078693964e+00 5.078693964e+00
1.593186373e+02 4.910913054e+00 4.910913054e+00 9.414469063e-04 5.088145499e+00 5.088145499e+00
1.599198397e+02 4.901501354e+00 4.901501354e+00 9.378420356e-04 5.097560804e+00 5.097560804e+00
1.605210421e+02 4.892125656e+00 4.892125656e+00 9.342585508e-04 5.106940086e+00 5.106940086e+00
1.611222445e+02 4.882785752e+00 4.882785752e+00 9.306965283e-04 5.116283551e+00 5.116283551e+00
1.617234469e+02 4.873481440e+00 4.873481440e+00 9.271560821e-04 5.125591404e+00 5.125591404e+00
1.623246493e+02 4.864212517e+00 4.864212517e+00 9.236335899e-04 5.134863849e+00 5.134863849e+00
1.629258517e+02 4.854978781e+00 4.854978781e+00 9.201303949e-04 5.144101089e+00 5.144101089e+00
1.635270541e+02 4.845780032e+00 4.845780032e+00 9.166462653e-04 5.153303322e+00 5.153303322e+00
1.641282565e+02 4.836616072e+00 4.836616072e+00 9.131807830e-04 5.162470747e+00 5.162470747e+00
1.647294589e+02 4.827486704e+00 4.827486704e+00 9.097335087e-04 5.171603562e+00 5.171603562e+00
1.653306613e+02 4.818391733e+00 4.818391733e+00 9.063044592e-04 5.180701963e+00 5.180701963e+00
1.659318637e+02 4.809330962e+00 4.809330962e+00 9.028962315e-04 5.189766142e+00 5.189766142e+00
1.665330661e+02 4.800304200e+00 4.800304200e+00 8.995075886e-04 5.198796293e+00 5.198796293e+00
1.671342685e+02 4.791311255e+00 4.791311255e+00 8.961388418e-04 5.207792606e+00 5.207792606e+00
1.677354709e+02 4.782351938e+00 4.782351938e+00 8.927903767e-04 5.216755271e+00 5.216755271e+00
1.683366733e+02 4.773426061e+00 4.773426061e+00 8.894616463e-04 5.225684477e+00 5.225684477e+00
1.689378758e+02 4.764533436e+00 4.764533436e+00 8.861515995e-04 5.234580412e+00 5.234580412e+00
1.695390782e+02 4.755673879e+00 4.755673879e+00 8.828611169e-04 5.243443260e+00 5.243443260e+00
1.701402806e+02 4.746847205e+00 4.746847205e+00 8.795902235e-04 5.252273205e+00 5.252273205e+00
1.707414830e+02 4.738053231e+00 4.738053231e+00 8.763389456e-04 5.261070430e+00 5.261070430e+00
1.713426854e+02 4.729291777e+00 4.729291777e+00 8.731049641e-04 5.269835118e+00 5.269835118e+00
1.719438878e+02 4.720562663e+00 4.720562663e+00 8.698874956e-04 5.278567450e+00 5.278567450e+00
1.725450902e+02 4.711865710e+00 4.711865710e+00 8.666864349e-04 5.287267603e+00 5.287267603e+00
1.731462926e+02 4.703200743e+00 4.703200743e+00 8.635009176e-04 5.295935756e+00 5.295935756e+00
1.737474950e+02 4.694567585e+00 4.694567585e+00 8.603299846e-04 5.304572085e+00 5.304572085e+00
1.743486974e+02 4.685966059e+00 4.685966059e+00 8.571774463e-04 5.313176764e+00 5.313176764e+00
1.749498998e+02 4.677395992e+00 4.677395992e+00 8.540418538e-04 5.321749966e+00 5.321749966e+00
1.755511022e+02 4.668857212e+00 4.668857212e+00 8.509235074e-04 5.330291864e+00 5.330291864e+00
1.761523046e+02 4.660349548e+00 4.660349548e+00 8.478228607e-04 5.338802629e+00 5.338802629e+00
1.767535070e+02 4.651872830e+00 4.651872830e+00 8.447395764e-04 5.347282431e+00 5.347282431e+00
1.773547094e+02 4.643426888e+00 4.643426888e+00 8.416745120e-04 5.355731438e+00 5.355731438e+00
1.779559118e+02 4.635011555e+00 4.635011555e+00 8.386282271e-04 5.364149817e+00 5.364149817e+00
1.785571142e+02 4.626626665e+00 4.626626665e+00 8.356005505e-04 5.372537734e+00 5.372537734e+00
1.791583166e+02 4.618272056e+00 4.618272056e+00 8.325871167e-04 5.380895357e+00 5.380895357e+00
1.797595190e+02 4.609947562e+00 4.609947562e+00 8.295890666e-04 5.389222848e+00 5.389222848e+00
1.803607214e+02 4.601653023e+00 4.601653023e+00 8.266053523e-04 5.397520372e+00 5.397520372e+00
1.809619238e+02 4.593388276e+00 4.593388276e+00 8.236360430e-04 5.405788087e+00 5.405788087e+00
1.815631263e+02 4.585153160e+00 4.585153160e+00 8.206841503e-04 5.414026156e+00 5.414026156e+00
1.821643287e+02 4.576947516e+00 4.576947516e+00 8.177479700e-04 5.422234736e+00 5.422234736e+00
1.827655311e+02 4.568771187e+00 4.568771187e+00 8.148276520e-04 5.430413986e+00 5.430413986e+00
1.833667335e+02 4.560624015e+00 4.560624015e+00 8.119232478e-04 5.438564062e+00 5.438564062e+00
1.839679359e+02 4.552505844e+00 4.552505844e+00 8.090346978e-04 5.446685121e+00 5.446685121e+00
1.845691383e+02 4.544416520e+00 4.544416520e+00 8.061623644e-04 5.454777317e+00 5.454777317e+00
1.851703407e+02 4.536355890e+00 4.536355890e+00 8.033065124e-04 5.462840803e+00 5.462840803e+00
1.857715431e+02 4.528323801e+00 4.528323801e+00 8.004657410e-04 5.470875733e+00 5.470875733e+00
1.863727455e+02 4.520320102e+00 4.520320102e+00 7.976389179e-04 5.478882259e+00 5.478882259e+00
1.869739479e+02 4.512344643e+00 4.512344643e+00 7.948269420e-04 5.486860530e+00 5.486860530e+00
1.875751503e+02 4.504397275e+00 4.504397275e+00 7.920296051e-04 5.494810695e+00 5.494810695e+00
1.881763527e+02 4.496477850e+00 4.496477850e+00 7.892466836e-04 5.502732903e+00 5.502732903e+00
1.887775551e+02 4.488586222e+00 4.488586222e+00 7.864779657e-04 5.510627300e+00 5.510627300e+00
1.893787575e+02 4.480722241e+00 4.480722241e+00 7.837244189e-04 5.518494035e+00 5.518494035e+00
1.899799599e+02 4.472885764e+00 4.472885764e+00 7.809853379e-04 5.526333251e+00 5.526333251e+00
1.905811623e+02 4.465076648e+00 4.465076648e+00 7.782606540e-04 5.534145092e+00 5.534145092e+00
1.911823647e+02 4.457294749e+00 4.457294749e+00 7.755503052e-04 5.541929701e+00 5.541929701e+00
1.917835671e+02 4.449539926e+00 4.449539926e+00 7.728542362e-04 5.549687220e+00 5.549687220e+00
1.923847695e+02 4.441812037e+00 4.441812037e+00 7.701720362e-04 5.557417791e+00 5.557417791e+00
1.929859719e+02 4.434110942e+00 4.434110942e+00 7.675033449e-04 5.565121555e+00 5.565121555e+00
1.935871743e+02 4.426436502e+00 4.426436502e+00 7.648482303e-04 5.572798650e+00 5.572798650e+00
1.941883768e+02 4.418788579e+00 4.418788579e+00 7.622065217e-04 5.580449214e+00 5.580449214e+00
1.947895792e+02 4.411167037e+00 4.411167037e+00 7.595780411e-04 5.588073385e+00 5.588073385e+00
1.953907816e+02 4.403571740e+00 4.403571740e+00 7.569626346e-04 5.595671298e+00 5.595671298e+00
1.959919840e+02 4.396002548e+00 4.396002548e+00 7.543615967e-04 5.603243090e+00 5.603243090e+00
1.965931864e+02 4.388459330e+00 4.388459330e+00 7.517741974e-04 5.610788895e+00 5.610788895e+00
1.971943888e+02 4.380941953e+00 4.380941953e+00 7.492004927e-04 5.618308846e+00 5.618308846e+00
1.977955912e+02 4.373450284e+00 4.373450284e+00 7.466405579e-04 5.625803076e+00 5.625803076e+00
1.983967936e+02 4.365984190e+00 4.365984190e+00 7.440944885e-04 5.633271715e+00 5.633271715e+00
1.989979960e+02 4.358543543e+00 4.358543543e+00 7.415614591e-04 5.640714896e+00 5.640714896e+00
1.995991984e+02 4.351128210e+00 4.351128210e+00 7.390407714e-04 5.648132749e+00 5.648132749e+00
2.002004008e+02 4.343738064e+00 4.343738064e+00 7.365328488e-04 5.655525403e+00 5.655525403e+00
2.008016032e+02 4.336372977e+00 4.336372977e+00 7.340374937e-04 5.662892986e+00 5.662892986e+00
2.014028056e+02 4.329032821e+00 4.329032821e+00 7.315544919e-04 5.670235624e+00 5.670235624e+00
2.020040080e+02 4.321717472e+00 4.321717472e+00 7.290836372e-04 5.677553444e+00 5.677553444e+00
2.026052104e+02 4.314426800e+00 4.314426800e+00 7.266258972e-04 5.684846574e+00 5.684846574e+00
2.032064128e+02 4.307160683e+00 4.307160683e+00 7.241805750e-04 5.692115136e+00 5.692115136e+00
2.038076152e+02 4.299918998e+00 4.299918998e+00 7.217476045e-04 5.699359255e+00 5.699359255e+00
2.044088176e+02 4.292701620e+00 4.292701620e+00 7.193269250e-04 5.706579053e+00 5.706579053e+00
2.050100200e+02 4.285508428e+00 4.285508428e+00 7.169184815e-04 5.713774653e+00 5.713774653e+00
2.056112224e+02 4.278339301e+00 4.278339301e+00 7.145219399e-04 5.720946177e+00 5.720946177e+00
2.062124248e+02 4.271194117e+00 4.271194117e+00 7.121370020e-04 5.728093746e+00 5.728093746e+00
2.068136273e+02 4.264072758e+00 4.264072758e+00 7.097637112e-04 5.735217479e+00 5.735217479e+00
2.074148297e+02 4.256975103e+00 4.256975103e+00 7.074019210e-04 5.742317495e+00 5.742317495e+00
2.080160321e+02 4.249901037e+00 4.249901037e+00 7.050514799e-04 5.749393912e+00 5.749393912e+00
2.086172345e+02 4.242850441e+00 4.242850441e+00 7.027122565e-04 5.756446847e+00 5.756446847e+00
2.092184369e+02 4.235823196e+00 4.235823196e+00 7.003854575e-04 5.763476419e+00 5.763476419e+00
2.098196393e+02 4.228819188e+00 4.228819188e+00 6.980704257e-04 5.770482741e+00 5.770482741e+00
2.104208417e+02 4.221838303e+00 4.221838303e+00 6.957672279e-04 5.777465930e+00 5.777465930e+00
2.110220441e+02 4.214880425e+00 4.214880425e+00 6.934759503e-04 5.784426099e+00 5.784426099e+00
2.116232465e+02 4.207945441e+00 4.207945441e+00 6.911966979e-04 5.791363362e+00 5.791363362e+00
2.122244489e+02 4.201033239e+00 4.201033239e+00 6.889287087e-04 5.798277833e+00 5.798277833e+00
2.128256513e+02 4.194143705e+00 4.194143705e+00 6.866713290e-04 5.805169623e+00 5.805169623e+00
2.134268537e+02 4.187276730e+00 4.187276730e+00 6.844249791e-04 5.812038845e+00 5.812038845e+00
2.140280561e+02 4.180432203e+00 4.180432203e+00 6.821894881e-04 5.818885608e+00 5.818885608e+00
2.146292585e+02 4.173610013e+00 4.173610013e+00 6.799646698e-04 5.825710022e+00 5.825710022e+00
2.152304609e+02 4.166810053e+00 4.166810053e+00 6.777503420e-04 5.832512196e+00 5.832512196e+00
2.158316633e+02 4.160032212e+00 4.160032212e+00 6.755473492e-04 5.839292241e+00 5.839292241e+00
2.164328657e+02 4.153276382e+00 4.153276382e+00 6.733550810e-04 5.846050263e+00 5.846050263e+00
2.170340681e+02 4.146542458e+00 4.146542458e+00 6.711734767e-04 5.852786369e+00 5.852786369e+00
2.176352705e+02 4.139830333e+00 4.139830333e+00 6.690024797e-04 5.859500665e+00 5.859500665e+00
2.182364729e+02 4.133139901e+00 4.133139901e+00 6.668420370e-04 5.866193257e+00 5.866193257e+00
2.188376754e+02 4.126471058e+00 4.126471058e+00 6.646918997e-04 5.872864250e+00 5.872864250e+00
2.194388778e+02 4.119823697e+00 4.119823697e+00 6.625518414e-04 5.879513751e+00 5.879513751e+00
2.200400802e+02 4.113197718e+00 4.113197718e+00 6.604218797e-04 5.886141861e+00 5.886141861e+00
2.206412826e+02 4.106593015e+00 4.106593015e+00 6.583018973e-04 5.892748683e+00 5.892748683e+00
2.212424850e+02 4.100009488e+00 4.100009488e+00 6.561917731e-04 5.899334320e+00 5.899334320e+00
2.218436874e+02 4.093447035e+00 4.093447035e+00 6.540914047e-04 5.905898873e+00 5.905898873e+00
2.224448898e+02 4.086905552e+00 4.086905552e+00 6.520018897e-04 5.912442446e+00 5.912442446e+00
2.230460922e+02 4.080384940e+00 4.080384940e+00 6.499224616e-04 5.918965137e+00 5.918965137e+00
2.236472946e+02 4.073885100e+00 4.073885100e+00 6.478531096e-04 5.925467047e+00 5.925467047e+00
2.242484970e+02 4.067405933e+00 4.067405933e+00 6.457938292e-04 5.931948273e+00 5.931948273e+00
2.248496994e+02 4.060947341e+00 4.060947341e+00 6.437446220e-04 5.938408914e+00 5.938408914e+00
2.254509018e+02 4.054509226e+00 4.054509226e+00 6.417054958e-04 5.944849069e+00 5.944849069e+00
2.260521042e+02 4.048091491e+00 4.048091491e+00 6.396764644e-04 5.951268833e+00 5.951268833e+00
2.266533066e+02 4.041694037e+00 4.041694037e+00 6.376567087e-04 5.957668306e+00 5.957668306e+00
2.272545090e+02 4.035316770e+00 4.035316770e+00 6.356461958e-04 5.964047584e+00 5.964047584e+00
2.278557114e+02 4.028959594e+00 4.028959594e+00 6.336451291e-04 5.970406761e+00 5.970406761e+00
2.284569138e+02 4.022622414e+00 4.022622414e+00 6.316534088e-04 5.976745932e+00 5.976745932e+00
2.290581162e+02 4.016305138e+00 4.016305138e+00 6.296709309e-04 5.983065191e+00 5.983065191e+00
2.296593186e+02 4.010007671e+00 4.010007671e+00 6.276975870e-04 5.989364631e+00 5.989364631e+00
2.302605210e+02 4.003729921e+00 4.003729921e+00 6.257332645e-04 5.995644345e+00 5.995644345e+00
2.308617234e+02 3.997471795e+00 3.997471795e+00 6.237780978e-04 6.001904427e+00 6.001904427e+00
2.314629259e+02 3.991233198e+00 3.991233198e+00 6.218324275e-04 6.008144970e+00 6.008144970e+00
2.320641283e+02 3.985014041e+00 3.985014041e+00 6.198958475e-04 6.014366063e+00 6.014366063e+00
2.326653307e+02 3.978814234e+00 3.978814234e+00 6.179683132e-04 6.020567798e+00 6.020567798e+00
2.332665331e+02 3.972633686e+00 3.972633686e+00 6.160497823e-04 6.026750264e+00 6.026750264e+00
2.338677355e+02 3.966472309e+00 3.966472309e+00 6.141402148e-04 6.032913551e+00 6.032913551e+00
2.344689379e+02 3.960330014e+00 3.960330014e+00 6.122395731e-04 6.039057747e+00 6.039057747e+00
2.350701403e+02 3.954206712e+00 3.954206712e+00 6.103478183e-04 6.045182941e+00 6.045182941e+00
2.356713427e+02 3.948102311e+00 3.948102311e+00 6.084646686e-04 6.051289224e+00 6.051289224e+00
2.362725451e+02 3.942016728e+00 3.942016728e+00 6.065902216e-04 6.057376682e+00 6.057376682e+00
2.368737475e+02 3.935949874e+00 3.935949874e+00 6.047244236e-04 6.063445401e+00 6.063445401e+00
2.374749499e+02 3.929901665e+00 3.929901665e+00 6.028672210e-04 6.069495468e+00 6.069495468e+00
2.380761523e+02 3.923872014e+00 3.923872014e+00 6.010185607e-04 6.075526968e+00 6.075526968e+00
2.386773547e+02 3.917860836e+00 3.917860836e+00 5.991783898e-04 6.081539986e+00 6.081539986e+00
2.392785571e+02 3.911868047e+00 3.911868047e+00 5.973466556e-04 6.087534606e+00 6.087534606e+00
2.398797595e+02 3.905893562e+00 3.905893562e+00 5.955233088e-04 6.093510915e+00 6.093510915e+00
2.404809619e+02 3.899937294e+00 3.899937294e+00 5.937082995e-04 6.099468998e+00 6.099468998e+00
2.410821643e+02 3.893999163e+00 3.893999163e+00 5.919015739e-04 6.105408935e+00 6.105408935e+00
2.416833667e+02 3.888079087e+00 3.888079087e+00 5.901030812e-04 6.111330810e+00 6.111330810e+00
2.422845691e+02 3.882176983e+00 3.882176983e+00 5.883127709e-04 6.117234705e+00 6.117234705e+00
2.428857715e+02 3.876292769e+00 3.876292769e+00 5.865305928e-04 6.123120701e+00 6.123120701e+00
2.434869739e+02 3.870426365e+00 3.870426365e+00 5.847564973e-04 6.128988879e+00 6.128988879e+00
2.440881764e+02 3.864577689e+00 3.864577689e+00 5.829904374e-04 6.134839320e+00 6.134839320e+00
2.446893788e+02 3.858746660e+00 3.858746660e+00 5.812323690e-04 6.140672107e+00 6.140672107e+00
2.452905812e+02 3.852933200e+00 3.852933200e+00 5.794822405e-04 6.146487318e+00 6.146487318e+00
2.458917836e+02 3.847137228e+00 3.847137228e+00 5.777400045e-04 6.152285032e+00 6.152285032e+00
2.464929860e+02 3.841358667e+00 3.841358667e+00 5.760056142e-04 6.158065328e+00 6.158065328e+00
2.470941884e+02 3.835597438e+00 3.835597438e+00 5.742790233e-04 6.163828283e+00 6.163828283e+00
2.476953908e+02 3.829853463e+00 3.829853463e+00 5.725601860e-04 6.169573977e+00 6.169573977e+00
2.482965932e+02 3.824126665e+00 3.824126665e+00 5.708490570e-04 6.175302486e+00 6.175302486e+00
2.488977956e+02 3.818416967e+00 3.818416967e+00 5.691455899e-04 6.181013887e+00 6.181013887e+00
2.494989980e+02 3.812724293e+00 3.812724293e+00 5.674497272e-04 6.186708257e+00 6.186708257e+00
2.501002004e+02 3.807048566e+00 3.807048566e+00 5.657614320e-04 6.192385673e+00 6.192385673e+00
2.507014028e+02 3.801389711e+00 3.801389711e+00 5.640806595e-04 6.198046209e+00 6.198046209e+00
2.513026052e+02 3.795747652e+00 3.795747652e+00 5.624073650e-04 6.203689940e+00 6.203689940e+00
2.519038076e+02 3.790122316e+00 3.790122316e+00 5.607415043e-04 6.209316943e+00 6.209316943e+00
2.525050100e+02 3.784513627e+00 3.784513627e+00 5.590830335e-04 6.214927290e+00 6.214927290e+00
2.531062124e+02 3.778921512e+00 3.778921512e+00 5.574319090e-04 6.220521057e+00 6.220521057e+00
2.537074148e+02 3.773345896e+00 3.773345896e+00 5.557880876e-04 6.226098316e+00 6.226098316e+00
2.543086172e+02 3.767786710e+00 3.767786710e+00 5.541515266e-04 6.231659139e+00 6.231659139e+00
2.549098196e+02 3.762243879e+00 3.762243879e+00 5.525221834e-04 6.237203599e+00 6.237203599e+00
2.555110220e+02 3.756717331e+00 3.756717331e+00 5.509000159e-04 6.242731769e+00 6.242731769e+00
2.561122244e+02 3.751206994e+00 3.751206994e+00 5.492849824e-04 6.248243721e+00 6.248243721e+00
2.567134269e+02 3.745712797e+00 3.745712797e+00 5.476770416e-04 6.253739526e+00 6.253739526e+00
2.573146293e+02 3.740234669e+00 3.740234669e+00 5.460761522e-04 6.259219254e+00 6.259219254e+00
2.579158317e+02 3.734772540e+00 3.734772540e+00 5.444822738e-04 6.264682978e+00 6.264682978e+00
2.585170341e+02 3.729326339e+00 3.729326339e+00 5.428953660e-04 6.270130766e+00 6.270130766e+00
2.591182365e+02 3.723895997e+00 3.723895997e+00 5.413153830e-04 6.275562687e+00 6.275562687e+00
2.597194389e+02 3.718481447e+00 3.718481447e+00 5.397422849e-04 6.280978811e+00 6.280978811e+00
2.603206413e+02 3.713082617e+00 3.713082617e+00 5.381760332e-04 6.286379207e+00 6.286379207e+00
2.609218437e+02 3.707699441e+00 3.707699441e+00 5.366165880e-04 6.291763943e+00 6.291763943e+00
2.615230461e+02 3.702331849e+00 3.702331849e+00 5.350639095e-04 6.297133087e+00 6.297133087e+00
2.621242485e+02 3.696979774e+00 3.696979774e+00 5.335179578e-04 6.302486708e+00 6.302486708e+00
2.627254509e+02 3.691643150e+00 3.691643150e+00 5.319786937e-04 6.307824872e+00 6.307824872e+00
2.633266533e+02 3.686321908e+00 3.686321908e+00 5.304460779e-04 6.313147646e+00 6.313147646e+00
2.639278557e+02 3.681015984e+00 3.681015984e+00 5.289200758e-04 6.318455096e+00 6.318455096e+00
2.645290581e+02 3.675725310e+00 3.675725310e+00 5.274006528e-04 6.323747289e+00 6.323747289e+00
2.651302605e+02 3.670449822e+00 3.670449822e+00 5.258877677e-04 6.329024290e+00 6.329024290e+00
2.657314629e+02 3.665189453e+00 3.665189453e+00 5.243813831e-04 6.334286165e+00 6.334286165e+00
2.663326653e+02 3.659944140e+00 3.659944140e+00 5.228814624e-04 6.339532978e+00 6.339532978e+00
2.669338677e+02 3.654713818e+00 3.654713818e+00 5.213879692e-04 6.344764794e+00 6.344764794e+00
2.675350701e+02 3.649498421e+00 3.649498421e+00 5.199008672e-04 6.349981678e+00 6.349981678e+00
2.681362725e+02 3.644297888e+00 3.644297888e+00 5.184201208e-04 6.355183692e+00 6.355183692e+00
2.687374749e+02 3.639112154e+00 3.639112154e+00 5.169456925e-04 6.360370901e+00 6.360370901e+00
2.693386774e+02 3.633941155e+00 3.633941155e+00 5.154775398e-04 6.365543367e+00 6.365543367e+00
2.699398798e+02 3.628784830e+00 3.628784830e+00 5.140156320e-04 6.370701154e+00 6.370701154e+00
2.705410822e+02 3.623643117e+00 3.623643117e+00 5.125599334e-04 6.375844323e+00 6.375844323e+00
2.711422846e+02 3.618515952e+00 3.618515952e+00 5.111104084e-04 6.380972938e+00 6.380972938e+00
2.717434870e+02 3.613403275e+00 3.613403275e+00 5.096670218e-04 6.386087058e+00 6.386087058e+00
2.723446894e+02 3.608305023e+00 3.608305023e+00 5.082297383e-04 6.391186747e+00 6.391186747e+00
2.729458918e+02 3.603221138e+00 3.603221138e+00 5.067985231e-04 6.396272064e+00 6.396272064e+00
2.735470942e+02 3.598151556e+00 3.598151556e+00 5.053733417e-04 6.401343070e+00 6.401343070e+00
2.741482966e+02 3.593096219e+00 3.593096219e+00 5.039541738e-04 6.406399827e+00 6.406399827e+00
2.747494990e+02 3.588055066e+00 3.588055066e+00 5.025409753e-04 6.411442393e+00 6.411442393e+00
2.753507014e+02 3.583028038e+00 3.583028038e+00 5.011337128e-04 6.416470828e+00 6.416470828e+00
2.759519038e+02 3.578015076e+00 3.578015076e+00 4.997323530e-04 6.421485192e+00 6.421485192e+00
2.765531062e+02 3.573016120e+00 3.573016120e+00 4.983368628e-04 6.426485543e+00 6.426485543e+00
2.771543086e+02 3.568031111e+00 3.568031111e+00 4.969472093e-04 6.431471941e+00 6.431471941e+00
2.777555110e+02 3.563059993e+00 3.563059993e+00 4.955633599e-04 6.436444444e+00 6.436444444e+00
2.783567134e+02 3.558102706e+00 3.558102706e+00 4.941852822e-04 6.441403109e+00 6.441403109e+00
2.789579158e+02 3.553159193e+00 3.553159193e+00 4.928129438e-04 6.446347994e+00 6.446347994e+00
2.795591182e+02 3.548229396e+00 3.548229396e+00 4.914463127e-04 6.451279158e+00 6.451279158e+00
2.801603206e+02 3.543313259e+00 3.543313259e+00 4.900853569e-04 6.456196656e+00 6.456196656e+00
2.807615230e+02 3.538410724e+00 3.538410724e+00 4.887300450e-04 6.461100546e+00 6.461100546e+00
2.813627255e+02 3.533521738e+00 3.533521738e+00 4.873803516e-04 6.465990882e+00 6.465990882e+00
2.819639279e+02 3.528646241e+00 3.528646241e+00 4.860362413e-04 6.470867723e+00 6.470867723e+00
2.825651303e+02 3.523784180e+00 3.523784180e+00 4.846976833e-04 6.475731123e+00 6.475731123e+00
2.831663327e+02 3.518935497e+00 3.518935497e+00 4.833646470e-04 6.480581138e+00 6.480581138e+00
2.837675351e+02 3.514100139e+00 3.514100139e+00 4.820371019e-04 6.485417824e+00 6.485417824e+00
2.843687375e+02 3.509278050e+00 3.509278050e+00 4.807150179e-04 6.490241234e+00 6.490241234e+00
2.849699399e+02 3.504469176e+00 3.504469176e+00 4.793983650e-04 6.495051425e+00 6.495051425e+00
2.855711423e+02 3.499673462e+00 3.499673462e+00 4.780871134e-04 6.499848450e+00 6.499848450e+00
2.861723447e+02 3.494890855e+00 3.494890855e+00 4.767812335e-04 6.504632364e+00 6.504632364e+00
2.867735471e+02 3.490121300e+00 3.490121300e+00 4.754806958e-04 6.509403219e+00 6.509403219e+00
2.873747495e+02 3.485364744e+00 3.485364744e+00 4.741854712e-04 6.514161070e+00 6.514161070e+00
2.879759519e+02 3.480621135e+00 3.480621135e+00 4.728955305e-04 6.518905970e+00 6.518905970e+00
2.885771543e+02 3.475890420e+00 3.475890420e+00 4.716108484e-04 6.523637969e+00 6.523637969e+00
2.891783567e+02 3.471172547e+00 3.471172547e+00 4.703313940e-04 6.528357122e+00 6.528357122e+00
2.897795591e+02 3.466467462e+00 3.466467462e+00 4.690571389e-04 6.533063481e+00 6.533063481e+00
2.903807615e+02 3.461775114e+00 3.461775114e+00 4.677880550e-04 6.537757097e+00 6.537757097e+00
2.909819639e+02 3.457095452e+00 3.457095452e+00 4.665241145e-04 6.542438024e+00 6.542438024e+00
2.915831663e+02 3.452428424e+00 3.452428424e+00 4.652652895e-04 6.547106311e+00 6.547106311e+00
2.921843687e+02 3.447773978e+00 3.447773978e+00 4.640115525e-04 6.551762010e+00 6.551762010e+00
2.927855711e+02 3.443132065e+00 3.443132065e+00 4.627628762e-04 6.556405172e+00 6.556405172e+00
2.933867735e+02 3.438502633e+00 3.438502633e+00 4.615192335e-04 6.561035848e+00 6.561035848e+00
2.939879760e+02 3.433885631e+00 3.433885631e+00 4.602805972e-04 6.565654088e+00 6.565654088e+00
2.945891784e+02 3.429281011e+00 3.429281011e+00 4.590469407e-04 6.570259942e+00 6.570259942e+00
2.951903808e+02 3.424688722e+00 3.424688722e+00 4.578182374e-04 6.574853460e+00 6.574853460e+00
2.957915832e+02 3.420108716e+00 3.420108716e+00 4.565944597e-04 6.579434690e+00 6.579434690e+00
2.963927856e+02 3.415540943e+00 3.415540943e+00 4.553755822e-04 6.584003682e+00 6.584003682e+00
2.969939880e+02 3.410985353e+00 3.410985353e+00 4.541615785e-04 6.588560485e+00 6.588560485e+00
2.975951904e+02 3.406441899e+00 3.406441899e+00 4.529524229e-04 6.593105148e+00 6.593105148e+00
2.981963928e+02 3.401910532e+00 3.401910532e+00 4.517480893e-04 6.597637720e+00 6.597637720e+00
2.987975952e+02 3.397391203e+00 3.397391203e+00 4.505485523e-04 6.602158248e+00 6.602158248e+00
2.993987976e+02 3.392883865e+00 3.392883865e+00 4.493537864e-04 6.606666781e+00 6.606666781e+00
3.000000000e+02 3.388388470e+00 3.388388470e+00 4.481637662e-04 6.611163367e+00 6.611163367e+00
